 x  =[      0         0
 0.266713   0.11078
 0.468094  0.320076
 0.684577  0.302708
 0.921557   0.32759
  1.05642  0.297608
  1.11515  0.445629
  1.21209  0.569343
  1.39145   0.84254
  1.58554   1.07241
  1.68897   1.34354
  1.85177   1.63515
  1.92267   1.78278
  1.97753   1.93066
  1.94067   2.07371
  1.92133   2.22913
  1.90268    2.3845
  1.81745   2.52089
  1.80547   2.63642
  1.81041   2.74824
  1.82405    2.9522
  1.77486   3.17411
  1.64928   3.43705
  1.52897   3.69927
  1.31585   3.91511
  1.14185   4.22224
  1.01282   4.28812
 0.947198   4.42936
 0.814815   4.39237
 0.601751   4.38097
 0.401037   4.34395
 0.192504    4.3141
        0   4.32295
-0.200581   4.26889
-0.401434   4.21701
-0.546657   4.07925
-0.693168   4.07671
-0.858915    4.1025
 -1.02697    4.0047
 -1.13422   3.89575
 -1.27001   3.87527
 -1.40407   3.85202
 -1.41308   3.70616
 -1.47875   3.55719
 -1.58722   3.37536
 -1.62932   3.19783
 -1.63112   2.97566
 -1.62678   2.75401
 -1.61383   2.51999
 -1.59789   2.28653
 -1.60143   2.05132
 -1.60097    1.8148
 -1.59324   1.59095
 -1.57782   1.36603
 -1.52411   1.18815
 -1.46224   1.01265
 -1.32239  0.803626
 -1.29452  0.587549
 -1.19246  0.436613
 -1.08518  0.287067
-0.942258  0.311532
-0.798935  0.338862
-0.616921  0.176774
-0.426479 0.0173747
-0.189311 0.0492942];

